0.250000 0.580000 0.765696 1.013977
0.245000 0.572000 0.689817 1.031979
0.240000 0.576000 0.699314 1.031896
0.235000 0.566000 0.703644 1.036786
0.230000 0.568000 0.705235 1.001811
0.225000 0.554000 0.725050 1.005173
0.220000 0.554000 0.705373 1.020979
0.215000 0.544000 0.734685 1.020461
0.210000 0.540000 0.712927 1.025881
0.205000 0.544000 0.720621 1.011015
0.200000 0.524000 0.734201 1.028929
0.195000 0.516000 0.689980 1.032785
0.190000 0.516000 0.691970 1.025528
0.185000 0.508000 0.749151 1.013934
0.180000 0.500000 0.691167 1.038840
0.175000 0.502000 0.720550 1.001051
0.170000 0.488000 0.731543 1.001561
0.165000 0.482000 0.701295 1.043214
0.160000 0.470000 0.716240 1.007447
0.155000 0.464000 0.740094 1.019435
0.150000 0.452000 0.705788 1.040358
0.145000 0.454000 0.693722 1.004677
0.140000 0.438000 0.720942 1.015468
0.135000 0.428000 0.713723 1.019612
0.130000 0.424000 0.709527 1.015016
0.125000 0.406000 0.724587 1.053000
0.120000 0.402000 0.693306 1.005940
0.115000 0.392000 0.733269 1.015776
0.110000 0.384000 0.714573 1.022220
0.105000 0.374000 0.719287 1.003600
0.100000 0.350000 0.750385 1.048751
0.095000 0.344000 0.725228 1.001664
0.090000 0.330000 0.727777 1.005210
0.085000 0.316000 0.717634 1.011588
0.080000 0.300000 0.698189 1.002584
0.075000 0.288000 0.717030 1.024714
0.070000 0.268000 0.721247 1.082796
0.065000 0.262000 0.669690 1.028721
0.060000 0.242000 0.692350 1.000895
0.055000 0.222000 0.691779 1.019736
0.050000 0.202000 0.698461 1.002003
0.045000 0.186000 0.638437 1.011034
0.040000 0.166000 0.664673 1.027345
0.035000 0.138000 0.670622 1.008870
0.030000 0.108000 0.800110 1.022251
0.025000 0.064000 1.039271 0.887664
