1.000000000000000021e-02 4.458618164062500000e-02
1.198396793587174283e-02 3.433227539062500000e-02
1.396793587174348719e-02 3.976440429687500000e-02
1.595190380761523155e-02 3.347778320312500000e-02
1.793587174348697244e-02 3.561401367187500000e-02
1.991983967935871680e-02 3.805541992187500000e-02
2.190380761523046116e-02 3.594970703125000000e-02
2.388777555110220552e-02 3.436279296875000000e-02
2.587174348697394988e-02 2.951049804687500000e-02
2.785571142284569424e-02 3.561401367187500000e-02
2.983967935871743860e-02 2.966308593750000000e-02
3.182364729458917602e-02 3.704833984375000000e-02
3.380761523046092037e-02 3.091430664062500000e-02
3.579158316633266473e-02 2.673339843750000000e-02
3.777555110220440909e-02 3.164672851562500000e-02
3.975951903807615345e-02 3.210449218750000000e-02
4.174348697394789781e-02 2.951049804687500000e-02
4.372745490981964217e-02 2.482604980468750000e-02
4.571142284569138653e-02 3.250122070312500000e-02
4.769539078156313089e-02 2.705383300781250000e-02
4.967935871743487525e-02 3.698730468750000000e-02
5.166332665330661267e-02 2.995300292968750000e-02
5.364729458917835703e-02 2.920532226562500000e-02
5.563126252505010139e-02 3.189086914062500000e-02
5.761523046092184575e-02 3.024291992187500000e-02
5.959919839679359010e-02 3.808593750000000000e-02
6.158316633266533446e-02 3.628540039062500000e-02
6.356713426853707882e-02 3.047180175781250000e-02
6.555110220440880930e-02 3.494262695312500000e-02
6.753507014028055366e-02 2.816772460937500000e-02
6.951903807615229802e-02 3.115844726562500000e-02
7.150300601202404238e-02 2.549743652343750000e-02
7.348697394789578674e-02 2.709960937500000000e-02
7.547094188376753110e-02 2.845764160156250000e-02
7.745490981963927546e-02 2.259826660156250000e-02
7.943887775551101982e-02 2.609252929687500000e-02
8.142284569138276418e-02 2.885437011718750000e-02
8.340681362725450854e-02 2.629089355468750000e-02
8.539078156312625290e-02 2.830505371093750000e-02
8.737474949899799725e-02 2.767944335937500000e-02
8.935871743486974161e-02 3.019714355468750000e-02
9.134268537074147210e-02 2.648925781250000000e-02
9.332665330661321645e-02 2.168273925781250000e-02
9.531062124248496081e-02 3.195190429687500000e-02
9.729458917835670517e-02 2.392578125000000000e-02
9.927855711422844953e-02 2.272033691406250000e-02
1.012625250501001939e-01 2.148437500000000000e-02
1.032464929859719382e-01 2.751159667968750000e-02
1.052304609218436826e-01 2.043151855468750000e-02
1.072144288577154270e-01 2.194213867187500000e-02
1.091983967935871713e-01 2.018737792968750000e-02
1.111823647294589157e-01 2.355957031250000000e-02
1.131663326653306600e-01 2.191162109375000000e-02
1.151503006012024044e-01 2.197265625000000000e-02
1.171342685370741488e-01 2.342224121093750000e-02
1.191182364729458931e-01 2.380371093750000000e-02
1.211022044088176236e-01 2.307128906250000000e-02
1.230861723446893680e-01 2.357482910156250000e-02
1.250701402805611262e-01 2.059936523437500000e-02
1.270541082164328706e-01 2.047729492187500000e-02
1.290380761523046149e-01 2.317810058593750000e-02
1.310220440881763593e-01 2.159118652343750000e-02
1.330060120240481036e-01 2.171325683593750000e-02
1.349899799599198480e-01 2.308654785156250000e-02
1.369739478957915924e-01 1.972961425781250000e-02
1.389579158316633367e-01 2.128601074218750000e-02
1.409418837675350811e-01 2.114868164062500000e-02
1.429258517034068254e-01 2.128601074218750000e-02
1.449098196392785698e-01 1.814270019531250000e-02
1.468937875751503142e-01 2.180480957031250000e-02
1.488777555110220585e-01 1.843261718750000000e-02
1.508617234468938029e-01 1.515960693359375000e-02
1.528456913827655472e-01 1.907348632812500000e-02
1.548296593186372916e-01 2.018737792968750000e-02
1.568136272545090359e-01 2.003479003906250000e-02
1.587975951903807803e-01 2.059936523437500000e-02
1.607815631262525247e-01 1.916503906250000000e-02
1.627655310621242690e-01 1.899719238281250000e-02
1.647494989979960134e-01 1.453399658203125000e-02
1.667334669338677577e-01 1.658630371093750000e-02
1.687174348697395021e-01 1.896667480468750000e-02
1.707014028056112187e-01 1.741027832031250000e-02
1.726853707414829631e-01 1.689147949218750000e-02
1.746693386773547074e-01 1.930236816406250000e-02
1.766533066132264518e-01 1.963806152343750000e-02
1.786372745490981961e-01 1.751708984375000000e-02
1.806212424849699405e-01 1.828002929687500000e-02
1.826052104208416849e-01 1.558685302734375000e-02
1.845891783567134292e-01 1.972961425781250000e-02
1.865731462925851736e-01 1.695251464843750000e-02
1.885571142284569179e-01 1.815795898437500000e-02
1.905410821643286623e-01 1.519012451171875000e-02
1.925250501002004067e-01 1.442718505859375000e-02
1.945090180360721510e-01 1.321411132812500000e-02
1.964929859719438954e-01 1.864624023437500000e-02
1.984769539078156397e-01 1.826477050781250000e-02
2.004609218436873841e-01 1.733398437500000000e-02
2.024448897795591285e-01 1.436614990234375000e-02
2.044288577154308728e-01 1.620483398437500000e-02
2.064128256513026172e-01 1.335144042968750000e-02
2.083967935871743615e-01 1.582336425781250000e-02
2.103807615230461059e-01 1.486968994140625000e-02
2.123647294589178502e-01 1.716613769531250000e-02
2.143486973947895946e-01 1.359558105468750000e-02
2.163326653306613390e-01 1.850891113281250000e-02
2.183166332665330833e-01 1.336669921875000000e-02
2.203006012024048277e-01 1.519775390625000000e-02
2.222845691382765720e-01 1.515197753906250000e-02
2.242685370741483164e-01 1.398468017578125000e-02
2.262525050100200608e-01 1.516723632812500000e-02
2.282364729458918051e-01 1.467895507812500000e-02
2.302204408817635495e-01 1.338195800781250000e-02
2.322044088176352661e-01 1.225280761718750000e-02
2.341883767535070104e-01 1.366424560546875000e-02
2.361723446893787548e-01 1.354217529296875000e-02
2.381563126252504992e-01 1.331329345703125000e-02
2.401402805611222435e-01 1.490020751953125000e-02
2.421242484969939879e-01 1.454925537109375000e-02
2.441082164328657322e-01 1.339721679687500000e-02
2.460921843687374766e-01 1.663208007812500000e-02
2.480761523046092210e-01 1.364898681640625000e-02
2.500601202404809653e-01 1.268005371093750000e-02
2.520440881763527097e-01 1.322937011718750000e-02
2.540280561122244540e-01 1.403045654296875000e-02
2.560120240480961984e-01 1.219177246093750000e-02
2.579959919839679428e-01 1.195526123046875000e-02
2.599799599198396871e-01 1.307678222656250000e-02
2.619639278557114315e-01 1.197814941406250000e-02
2.639478957915831758e-01 1.158905029296875000e-02
2.659318637274549202e-01 1.083374023437500000e-02
2.679158316633266645e-01 1.066589355468750000e-02
2.698997995991984089e-01 1.128387451171875000e-02
2.718837675350701533e-01 1.260375976562500000e-02
2.738677354709418976e-01 1.132202148437500000e-02
2.758517034068136420e-01 1.338195800781250000e-02
2.778356713426853863e-01 1.084136962890625000e-02
2.798196392785571307e-01 1.267242431640625000e-02
2.818036072144288751e-01 1.411437988281250000e-02
2.837875751503006194e-01 1.155853271484375000e-02
2.857715430861723638e-01 1.074218750000000000e-02
2.877555110220441081e-01 1.155090332031250000e-02
2.897394789579158525e-01 1.245117187500000000e-02
2.917234468937875969e-01 1.119995117187500000e-02
2.937074148296593412e-01 8.949279785156250000e-03
2.956913827655310856e-01 1.161956787109375000e-02
2.976753507014028299e-01 1.232147216796875000e-02
2.996593186372745743e-01 9.979248046875000000e-03
3.016432865731463187e-01 1.126861572265625000e-02
3.036272545090180630e-01 1.346588134765625000e-02
3.056112224448898074e-01 1.059722900390625000e-02
3.075951903807615517e-01 1.259613037109375000e-02
3.095791583166332961e-01 1.175689697265625000e-02
3.115631262525050404e-01 8.232116699218750000e-03
3.135470941883767848e-01 9.330749511718750000e-03
3.155310621242485292e-01 1.135253906250000000e-02
3.175150300601202735e-01 9.857177734375000000e-03
3.194989979959920179e-01 1.135253906250000000e-02
3.214829659318637622e-01 8.354187011718750000e-03
3.234669338677355066e-01 1.094055175781250000e-02
3.254509018036072510e-01 1.020812988281250000e-02
3.274348697394789953e-01 9.330749511718750000e-03
3.294188376753506842e-01 1.068115234375000000e-02
3.314028056112224285e-01 9.109497070312500000e-03
3.333867735470941729e-01 1.124572753906250000e-02
3.353707414829659172e-01 9.788513183593750000e-03
3.373547094188376616e-01 1.033782958984375000e-02
3.393386773547094060e-01 9.674072265625000000e-03
3.413226452905811503e-01 9.277343750000000000e-03
3.433066132264528947e-01 9.605407714843750000e-03
3.452905811623246390e-01 9.536743164062500000e-03
3.472745490981963834e-01 1.073455810546875000e-02
3.492585170340681278e-01 1.152801513671875000e-02
3.512424849699398721e-01 9.956359863281250000e-03
3.532264529058116165e-01 8.110046386718750000e-03
3.552104208416833608e-01 8.720397949218750000e-03
3.571943887775551052e-01 7.389068603515625000e-03
3.591783567134268496e-01 8.941650390625000000e-03
3.611623246492985939e-01 1.020050048828125000e-02
3.631462925851703383e-01 9.757995605468750000e-03
3.651302605210420826e-01 8.430480957031250000e-03
3.671142284569138270e-01 8.628845214843750000e-03
3.690981963927855714e-01 6.496429443359375000e-03
3.710821643286573157e-01 8.987426757812500000e-03
3.730661322645290601e-01 7.087707519531250000e-03
3.750501002004008044e-01 7.228851318359375000e-03
3.770340681362725488e-01 8.865356445312500000e-03
3.790180360721442931e-01 7.568359375000000000e-03
3.810020040080160375e-01 7.965087890625000000e-03
3.829859719438877819e-01 9.384155273437500000e-03
3.849699398797595262e-01 7.827758789062500000e-03
3.869539078156312706e-01 8.155822753906250000e-03
3.889378757515030149e-01 9.269714355468750000e-03
3.909218436873747593e-01 8.316040039062500000e-03
3.929058116232465037e-01 8.529663085937500000e-03
3.948897795591182480e-01 8.178710937500000000e-03
3.968737474949899924e-01 8.880615234375000000e-03
3.988577154308617367e-01 7.762908935546875000e-03
4.008416833667334811e-01 8.369445800781250000e-03
4.028256513026052255e-01 6.748199462890625000e-03
4.048096192384769698e-01 7.781982421875000000e-03
4.067935871743487142e-01 8.071899414062500000e-03
4.087775551102204585e-01 7.453918457031250000e-03
4.107615230460922029e-01 7.141113281250000000e-03
4.127454909819639473e-01 7.614135742187500000e-03
4.147294589178356916e-01 7.244110107421875000e-03
4.167134268537074360e-01 7.728576660156250000e-03
4.186973947895791803e-01 7.080078125000000000e-03
4.206813627254509247e-01 7.835388183593750000e-03
4.226653306613226690e-01 6.950378417968750000e-03
4.246492985971944134e-01 7.942199707031250000e-03
4.266332665330661578e-01 7.228851318359375000e-03
4.286172344689379021e-01 7.659912109375000000e-03
4.306012024048096465e-01 6.435394287109375000e-03
4.325851703406813908e-01 6.320953369140625000e-03
4.345691382765531352e-01 7.133483886718750000e-03
4.365531062124248796e-01 7.934570312500000000e-03
4.385370741482966239e-01 6.740570068359375000e-03
4.405210420841683683e-01 7.076263427734375000e-03
4.425050100200401126e-01 7.701873779296875000e-03
4.444889779559118570e-01 6.710052490234375000e-03
4.464729458917836014e-01 6.340026855468750000e-03
4.484569138276553457e-01 7.019042968750000000e-03
4.504408817635270901e-01 7.865905761718750000e-03
4.524248496993988344e-01 6.954193115234375000e-03
4.544088176352705233e-01 6.275177001953125000e-03
4.563927855711422676e-01 7.698059082031250000e-03
4.583767535070140120e-01 7.152557373046875000e-03
4.603607214428857564e-01 6.530761718750000000e-03
4.623446893787575007e-01 7.160186767578125000e-03
4.643286573146292451e-01 6.538391113281250000e-03
4.663126252505009894e-01 6.637573242187500000e-03
4.682965931863727338e-01 6.660461425781250000e-03
4.702805611222444782e-01 5.786895751953125000e-03
4.722645290581162225e-01 4.898071289062500000e-03
4.742484969939879669e-01 5.271911621093750000e-03
4.762324649298597112e-01 5.813598632812500000e-03
4.782164328657314556e-01 6.019592285156250000e-03
4.802004008016032000e-01 6.111145019531250000e-03
4.821843687374749443e-01 5.176544189453125000e-03
4.841683366733466887e-01 6.752014160156250000e-03
4.861523046092184330e-01 5.329132080078125000e-03
4.881362725450901774e-01 5.977630615234375000e-03
4.901202404809619217e-01 6.134033203125000000e-03
4.921042084168336661e-01 5.405426025390625000e-03
4.940881763527054105e-01 5.462646484375000000e-03
4.960721442885771548e-01 6.477355957031250000e-03
4.980561122244488992e-01 5.455017089843750000e-03
5.000400801603206435e-01 4.543304443359375000e-03
5.020240480961923879e-01 4.806518554687500000e-03
5.040080160320641323e-01 4.856109619140625000e-03
5.059919839679358766e-01 4.981994628906250000e-03
5.079759519038076210e-01 7.125854492187500000e-03
5.099599198396793653e-01 6.465911865234375000e-03
5.119438877755511097e-01 5.561828613281250000e-03
5.139278557114228541e-01 4.817962646484375000e-03
5.159118236472945984e-01 5.241394042968750000e-03
5.178957915831663428e-01 5.184173583984375000e-03
5.198797595190380871e-01 5.668640136718750000e-03
5.218637274549098315e-01 5.359649658203125000e-03
5.238476953907815759e-01 4.791259765625000000e-03
5.258316633266533202e-01 4.634857177734375000e-03
5.278156312625250646e-01 5.092620849609375000e-03
5.297995991983968089e-01 4.993438720703125000e-03
5.317835671342685533e-01 4.550933837890625000e-03
5.337675350701402976e-01 5.214691162109375000e-03
5.357515030060120420e-01 4.898071289062500000e-03
5.377354709418837864e-01 5.523681640625000000e-03
5.397194388777555307e-01 5.886077880859375000e-03
5.417034068136272751e-01 4.428863525390625000e-03
5.436873747494990194e-01 4.959106445312500000e-03
5.456713426853707638e-01 4.985809326171875000e-03
5.476553106212425082e-01 4.608154296875000000e-03
5.496392785571142525e-01 4.058837890625000000e-03
5.516232464929859969e-01 4.512786865234375000e-03
5.536072144288577412e-01 4.867553710937500000e-03
5.555911823647294856e-01 4.909515380859375000e-03
5.575751503006012300e-01 4.627227783203125000e-03
5.595591182364729743e-01 4.280090332031250000e-03
5.615430861723447187e-01 4.154205322265625000e-03
5.635270541082164630e-01 3.829956054687500000e-03
5.655110220440882074e-01 3.828048706054687500e-03
5.674949899799599518e-01 4.676818847656250000e-03
5.694789579158316961e-01 4.024505615234375000e-03
5.714629258517034405e-01 4.646301269531250000e-03
5.734468937875751848e-01 3.555297851562500000e-03
5.754308617234469292e-01 4.455566406250000000e-03
5.774148296593186735e-01 3.150939941406250000e-03
5.793987975951904179e-01 4.203796386718750000e-03
5.813827655310621623e-01 3.646850585937500000e-03
5.833667334669339066e-01 4.306793212890625000e-03
5.853507014028056510e-01 3.763198852539062500e-03
5.873346693386773953e-01 4.116058349609375000e-03
5.893186372745491397e-01 3.807067871093750000e-03
5.913026052104208841e-01 3.795623779296875000e-03
5.932865731462926284e-01 4.142761230468750000e-03
5.952705410821643728e-01 3.444671630859375000e-03
5.972545090180361171e-01 3.713607788085937500e-03
5.992384769539078615e-01 4.341125488281250000e-03
6.012224448897796059e-01 4.047393798828125000e-03
6.032064128256513502e-01 3.299713134765625000e-03
6.051903807615230946e-01 3.877639770507812500e-03
6.071743486973948389e-01 3.637313842773437500e-03
6.091583166332665833e-01 3.435134887695312500e-03
6.111422845691383277e-01 3.622055053710937500e-03
6.131262525050100720e-01 3.313064575195312500e-03
6.151102204408818164e-01 3.967285156250000000e-03
6.170941883767535607e-01 3.910064697265625000e-03
6.190781563126253051e-01 3.427505493164062500e-03
6.210621242484970495e-01 3.559112548828125000e-03
6.230460921843687938e-01 3.471374511718750000e-03
6.250300601202405382e-01 3.753662109375000000e-03
6.270140280561122825e-01 2.849578857421875000e-03
6.289979959919840269e-01 3.318786621093750000e-03
6.309819639278557712e-01 3.175735473632812500e-03
6.329659318637275156e-01 3.175735473632812500e-03
6.349498997995992600e-01 3.490447998046875000e-03
6.369338677354710043e-01 3.267288208007812500e-03
6.389178356713427487e-01 3.709793090820312500e-03
6.409018036072144930e-01 3.583908081054687500e-03
6.428857715430862374e-01 3.210067749023437500e-03
6.448697394789579818e-01 3.755569458007812500e-03
6.468537074148296151e-01 2.655029296875000000e-03
6.488376753507013595e-01 3.290176391601562500e-03
6.508216432865731038e-01 2.799987792968750000e-03
6.528056112224448482e-01 3.112792968750000000e-03
6.547895791583165925e-01 2.878189086914062500e-03
6.567735470941883369e-01 3.719329833984375000e-03
6.587575150300600813e-01 2.904891967773437500e-03
6.607414829659318256e-01 3.368377685546875000e-03
6.627254509018035700e-01 2.946853637695312500e-03
6.647094188376753143e-01 2.660751342773437500e-03
6.666933867735470587e-01 2.696990966796875000e-03
6.686773547094188030e-01 3.004074096679687500e-03
6.706613226452905474e-01 3.009796142578125000e-03
6.726452905811622918e-01 2.910614013671875000e-03
6.746292585170340361e-01 3.341674804687500000e-03
6.766132264529057805e-01 2.895355224609375000e-03
6.785971943887775248e-01 2.710342407226562500e-03
6.805811623246492692e-01 2.529144287109375000e-03
6.825651302605210136e-01 2.271652221679687500e-03
6.845490981963927579e-01 2.492904663085937500e-03
6.865330661322645023e-01 2.817153930664062500e-03
6.885170340681362466e-01 2.447128295898437500e-03
6.905010020040079910e-01 2.780914306640625000e-03
6.924849699398797354e-01 2.216339111328125000e-03
6.944689378757514797e-01 2.950668334960937500e-03
6.964529058116232241e-01 2.580642700195312500e-03
6.984368737474949684e-01 2.445220947265625000e-03
7.004208416833667128e-01 2.826690673828125000e-03
7.024048096192384572e-01 2.941131591796875000e-03
7.043887775551102015e-01 2.365112304687500000e-03
7.063727454909819459e-01 2.294540405273437500e-03
7.083567134268536902e-01 2.372741699218750000e-03
7.103406813627254346e-01 2.477645874023437500e-03
7.123246492985971789e-01 2.166748046875000000e-03
7.143086172344689233e-01 2.565383911132812500e-03
7.162925851703406677e-01 2.895355224609375000e-03
7.182765531062124120e-01 2.071380615234375000e-03
7.202605210420841564e-01 2.256393432617187500e-03
7.222444889779559007e-01 2.212524414062500000e-03
7.242284569138276451e-01 2.002716064453125000e-03
7.262124248496993895e-01 2.212524414062500000e-03
7.281963927855711338e-01 1.944541931152343750e-03
7.301803607214428782e-01 2.267837524414062500e-03
7.321643286573146225e-01 2.222061157226562500e-03
7.341482965931863669e-01 2.267837524414062500e-03
7.361322645290581113e-01 2.138137817382812500e-03
7.381162324649298556e-01 1.591682434082031250e-03
7.401002004008016000e-01 2.349853515625000000e-03
7.420841683366733443e-01 1.930236816406250000e-03
7.440681362725450887e-01 1.676559448242187500e-03
7.460521042084168331e-01 1.754760742187500000e-03
7.480360721442885774e-01 2.166748046875000000e-03
7.500200400801603218e-01 2.355575561523437500e-03
7.520040080160320661e-01 2.185821533203125000e-03
7.539879759519038105e-01 1.912117004394531250e-03
7.559719438877755548e-01 1.673698425292968750e-03
7.579559118236472992e-01 2.143859863281250000e-03
7.599398797595190436e-01 1.694679260253906250e-03
7.619238476953907879e-01 1.777648925781250000e-03
7.639078156312625323e-01 1.830101013183593750e-03
7.658917835671342766e-01 1.678466796875000000e-03
7.678757515030060210e-01 1.869201660156250000e-03
7.698597194388777654e-01 1.891136169433593750e-03
7.718436873747495097e-01 1.985549926757812500e-03
7.738276553106212541e-01 1.888275146484375000e-03
7.758116232464929984e-01 1.801490783691406250e-03
7.777955911823647428e-01 1.808166503906250000e-03
7.797795591182364872e-01 1.796722412109375000e-03
7.817635270541082315e-01 1.581192016601562500e-03
7.837474949899799759e-01 1.851081848144531250e-03
7.857314629258517202e-01 1.525878906250000000e-03
7.877154308617234646e-01 1.412391662597656250e-03
7.896993987975952090e-01 1.606941223144531250e-03
7.916833667334669533e-01 1.383781433105468750e-03
7.936673346693386977e-01 1.485824584960937500e-03
7.956513026052104420e-01 1.613616943359375000e-03
7.976352705410821864e-01 1.549720764160156250e-03
7.996192384769539307e-01 1.523017883300781250e-03
8.016032064128256751e-01 1.475334167480468750e-03
8.035871743486974195e-01 1.408576965332031250e-03
8.055711422845691638e-01 1.585006713867187500e-03
8.075551102204409082e-01 1.441955566406250000e-03
8.095390781563126525e-01 1.244544982910156250e-03
8.115230460921843969e-01 1.791000366210937500e-03
8.135070140280561413e-01 1.201629638671875000e-03
8.154909819639278856e-01 1.496315002441406250e-03
8.174749498997996300e-01 1.301765441894531250e-03
8.194589178356713743e-01 1.163482666015625000e-03
8.214428857715431187e-01 1.296997070312500000e-03
8.234268537074148631e-01 1.202583312988281250e-03
8.254108216432866074e-01 1.430511474609375000e-03
8.273947895791583518e-01 1.210212707519531250e-03
8.293787575150300961e-01 1.179695129394531250e-03
8.313627254509018405e-01 1.335144042968750000e-03
8.333466933867735849e-01 1.249313354492187500e-03
8.353306613226453292e-01 1.135826110839843750e-03
8.373146292585170736e-01 1.070976257324218750e-03
8.392985971943888179e-01 1.169204711914062500e-03
8.412825651302605623e-01 1.150131225585937500e-03
8.432665330661323067e-01 1.242637634277343750e-03
8.452505010020040510e-01 9.346008300781250000e-04
8.472344689378757954e-01 1.122474670410156250e-03
8.492184368737475397e-01 1.160621643066406250e-03
8.512024048096192841e-01 9.841918945312500000e-04
8.531863727454910284e-01 1.112937927246093750e-03
8.551703406813627728e-01 9.264945983886718750e-04
8.571543086172345172e-01 9.455680847167968750e-04
8.591382765531062615e-01 7.934570312500000000e-04
8.611222444889780059e-01 9.098052978515625000e-04
8.631062124248497502e-01 1.124382019042968750e-03
8.650901803607214946e-01 9.217262268066406250e-04
8.670741482965932390e-01 9.531974792480468750e-04
8.690581162324649833e-01 8.215904235839843750e-04
8.710420841683367277e-01 7.905960083007812500e-04
8.730260521042084720e-01 8.916854858398437500e-04
8.750100200400802164e-01 9.407997131347656250e-04
8.769939879759519608e-01 8.134841918945312500e-04
8.789779559118237051e-01 8.459091186523437500e-04
8.809619238476954495e-01 7.958412170410156250e-04
8.829458917835671938e-01 7.691383361816406250e-04
8.849298597194389382e-01 7.553100585937500000e-04
8.869138276553106826e-01 9.350776672363281250e-04
8.888977955911824269e-01 7.705688476562500000e-04
8.908817635270541713e-01 7.061958312988281250e-04
8.928657314629259156e-01 6.141662597656250000e-04
8.948496993987976600e-01 6.551742553710937500e-04
8.968336673346694043e-01 7.290840148925781250e-04
8.988176352705410377e-01 6.299018859863281250e-04
9.008016032064127820e-01 6.976127624511718750e-04
9.027855711422845264e-01 6.422996520996093750e-04
9.047695390781562708e-01 5.049705505371093750e-04
9.067535070140280151e-01 5.955696105957031250e-04
9.087374749498997595e-01 5.469322204589843750e-04
9.107214428857715038e-01 5.278587341308593750e-04
9.127054108216432482e-01 5.998611450195312500e-04
9.146893787575149926e-01 5.936622619628906250e-04
9.166733466933867369e-01 5.583763122558593750e-04
9.186573146292584813e-01 4.997253417968750000e-04
9.206412825651302256e-01 4.720687866210937500e-04
9.226252505010019700e-01 5.021095275878906250e-04
9.246092184368737144e-01 4.074573516845703125e-04
9.265931863727454587e-01 4.642009735107421875e-04
9.285771543086172031e-01 4.920959472656250000e-04
9.305611222444889474e-01 5.006790161132812500e-04
9.325450901803606918e-01 3.900527954101562500e-04
9.345290581162324361e-01 4.036426544189453125e-04
9.365130260521041805e-01 3.948211669921875000e-04
9.384969939879759249e-01 4.193782806396484375e-04
9.404809619238476692e-01 3.101825714111328125e-04
9.424649298597194136e-01 3.559589385986328125e-04
9.444488977955911579e-01 3.578662872314453125e-04
9.464328657314629023e-01 3.898143768310546875e-04
9.484168336673346467e-01 2.949237823486328125e-04
9.504008016032063910e-01 2.934932708740234375e-04
9.523847695390781354e-01 2.368688583374023438e-04
9.543687374749498797e-01 2.324581146240234375e-04
9.563527054108216241e-01 2.660751342773437500e-04
9.583366733466933685e-01 2.498626708984375000e-04
9.603206412825651128e-01 2.378225326538085938e-04
9.623046092184368572e-01 2.299547195434570312e-04
9.642885771543086015e-01 2.235174179077148438e-04
9.662725450901803459e-01 1.626014709472656250e-04
9.682565130260520903e-01 2.007484436035156250e-04
9.702404809619238346e-01 1.759529113769531250e-04
9.722244488977955790e-01 1.485347747802734375e-04
9.742084168336673233e-01 1.366138458251953125e-04
9.761923847695390677e-01 1.201629638671875000e-04
9.781763527054108120e-01 1.187920570373535156e-04
9.801603206412825564e-01 1.035928726196289062e-04
9.821442885771543008e-01 8.147954940795898438e-05
9.841282565130260451e-01 6.783008575439453125e-05
9.861122244488977895e-01 5.441904067993164062e-05
9.880961923847695338e-01 5.233287811279296875e-05
9.900801603206412782e-01 3.892183303833007812e-05
9.920641282565130226e-01 1.674890518188476562e-05
9.940480961923847669e-01 0.000000000000000000e+00
9.960320641282565113e-01 0.000000000000000000e+00
9.980160320641282556e-01 2.354383468627929688e-05
1.000000000000000000e+00 3.957748413085937500e-05
