1.000000000000000021e-02 4.512786865234375000e-03
1.198396793587174283e-02 5.275726318359375000e-03
1.396793587174348719e-02 6.206512451171875000e-03
1.595190380761523155e-02 5.645751953125000000e-03
1.793587174348697244e-02 8.071899414062500000e-03
1.991983967935871680e-02 8.071899414062500000e-03
2.190380761523046116e-02 1.121520996093750000e-02
2.388777555110220552e-02 1.071929931640625000e-02
2.587174348697394988e-02 9.078979492187500000e-03
2.785571142284569424e-02 1.078796386718750000e-02
2.983967935871743860e-02 1.144409179687500000e-02
3.182364729458917602e-02 1.136016845703125000e-02
3.380761523046092037e-02 9.422302246093750000e-03
3.579158316633266473e-02 1.136016845703125000e-02
3.777555110220440909e-02 1.367950439453125000e-02
3.975951903807615345e-02 1.203918457031250000e-02
4.174348697394789781e-02 1.226043701171875000e-02
4.372745490981964217e-02 1.247406005859375000e-02
4.571142284569138653e-02 1.360321044921875000e-02
4.769539078156313089e-02 1.391601562500000000e-02
4.967935871743487525e-02 1.403045654296875000e-02
5.166332665330661267e-02 1.863098144531250000e-02
5.364729458917835703e-02 1.381683349609375000e-02
5.563126252505010139e-02 1.397705078125000000e-02
5.761523046092184575e-02 2.008056640625000000e-02
5.959919839679359010e-02 1.599121093750000000e-02
6.158316633266533446e-02 1.591491699218750000e-02
6.356713426853707882e-02 1.571655273437500000e-02
6.555110220440880930e-02 1.490783691406250000e-02
6.753507014028055366e-02 1.705932617187500000e-02
6.951903807615229802e-02 1.460266113281250000e-02
7.150300601202404238e-02 1.519012451171875000e-02
7.348697394789578674e-02 1.757812500000000000e-02
7.547094188376753110e-02 1.629638671875000000e-02
7.745490981963927546e-02 1.947021484375000000e-02
7.943887775551101982e-02 1.751708984375000000e-02
8.142284569138276418e-02 1.910400390625000000e-02
8.340681362725450854e-02 1.549530029296875000e-02
8.539078156312625290e-02 1.486206054687500000e-02
8.737474949899799725e-02 1.774597167968750000e-02
8.935871743486974161e-02 1.815795898437500000e-02
9.134268537074147210e-02 1.718139648437500000e-02
9.332665330661321645e-02 1.545715332031250000e-02
9.531062124248496081e-02 1.593017578125000000e-02
9.729458917835670517e-02 1.489257812500000000e-02
9.927855711422844953e-02 1.466369628906250000e-02
1.012625250501001939e-01 1.419830322265625000e-02
1.032464929859719382e-01 1.739501953125000000e-02
1.052304609218436826e-01 1.692199707031250000e-02
1.072144288577154270e-01 1.497650146484375000e-02
1.091983967935871713e-01 1.596069335937500000e-02
1.111823647294589157e-01 1.556396484375000000e-02
1.131663326653306600e-01 1.565551757812500000e-02
1.151503006012024044e-01 1.478576660156250000e-02
1.171342685370741488e-01 1.466369628906250000e-02
1.191182364729458931e-01 1.615905761718750000e-02
1.211022044088176236e-01 1.570129394531250000e-02
1.230861723446893680e-01 1.605224609375000000e-02
1.250701402805611262e-01 1.447296142578125000e-02
1.270541082164328706e-01 1.510620117187500000e-02
1.290380761523046149e-01 1.200866699218750000e-02
1.310220440881763593e-01 1.221466064453125000e-02
1.330060120240481036e-01 1.268768310546875000e-02
1.349899799599198480e-01 1.421356201171875000e-02
1.369739478957915924e-01 1.447296142578125000e-02
1.389579158316633367e-01 1.220703125000000000e-02
1.409418837675350811e-01 1.420593261718750000e-02
1.429258517034068254e-01 1.464080810546875000e-02
1.449098196392785698e-01 1.317596435546875000e-02
1.468937875751503142e-01 1.549530029296875000e-02
1.488777555110220585e-01 1.224517822265625000e-02
1.508617234468938029e-01 1.469421386718750000e-02
1.528456913827655472e-01 1.368713378906250000e-02
1.548296593186372916e-01 1.198577880859375000e-02
1.568136272545090359e-01 1.420593261718750000e-02
1.587975951903807803e-01 1.390838623046875000e-02
1.607815631262525247e-01 1.264953613281250000e-02
1.627655310621242690e-01 1.305389404296875000e-02
1.647494989979960134e-01 1.337432861328125000e-02
1.667334669338677577e-01 1.309204101562500000e-02
1.687174348697395021e-01 1.157379150390625000e-02
1.707014028056112187e-01 1.266479492187500000e-02
1.726853707414829631e-01 1.353454589843750000e-02
1.746693386773547074e-01 1.457977294921875000e-02
1.766533066132264518e-01 1.126861572265625000e-02
1.786372745490981961e-01 8.750915527343750000e-03
1.806212424849699405e-01 1.038360595703125000e-02
1.826052104208416849e-01 1.055908203125000000e-02
1.845891783567134292e-01 1.305389404296875000e-02
1.865731462925851736e-01 1.115417480468750000e-02
1.885571142284569179e-01 1.000213623046875000e-02
1.905410821643286623e-01 9.552001953125000000e-03
1.925250501002004067e-01 1.206207275390625000e-02
1.945090180360721510e-01 1.152801513671875000e-02
1.964929859719438954e-01 1.056671142578125000e-02
1.984769539078156397e-01 9.277343750000000000e-03
2.004609218436873841e-01 1.245880126953125000e-02
2.024448897795591285e-01 1.109313964843750000e-02
2.044288577154308728e-01 1.007080078125000000e-02
2.064128256513026172e-01 1.084899902343750000e-02
2.083967935871743615e-01 9.971618652343750000e-03
2.103807615230461059e-01 9.628295898437500000e-03
2.123647294589178502e-01 8.964538574218750000e-03
2.143486973947895946e-01 8.781433105468750000e-03
2.163326653306613390e-01 1.027679443359375000e-02
2.183166332665330833e-01 8.018493652343750000e-03
2.203006012024048277e-01 1.043701171875000000e-02
2.222845691382765720e-01 1.016998291015625000e-02
2.242685370741483164e-01 9.208679199218750000e-03
2.262525050100200608e-01 1.090240478515625000e-02
2.282364729458918051e-01 9.986877441406250000e-03
2.302204408817635495e-01 8.636474609375000000e-03
2.322044088176352661e-01 9.216308593750000000e-03
2.341883767535070104e-01 8.743286132812500000e-03
2.361723446893787548e-01 7.732391357421875000e-03
2.381563126252504992e-01 9.735107421875000000e-03
2.401402805611222435e-01 9.201049804687500000e-03
2.421242484969939879e-01 8.483886718750000000e-03
2.441082164328657322e-01 9.933471679687500000e-03
2.460921843687374766e-01 9.193420410156250000e-03
2.480761523046092210e-01 8.758544921875000000e-03
2.500601202404809653e-01 8.125305175781250000e-03
2.520440881763527097e-01 7.949829101562500000e-03
2.540280561122244540e-01 8.552551269531250000e-03
2.560120240480961984e-01 7.850646972656250000e-03
2.579959919839679428e-01 7.774353027343750000e-03
2.599799599198396871e-01 8.544921875000000000e-03
2.619639278557114315e-01 9.002685546875000000e-03
2.639478957915831758e-01 8.338928222656250000e-03
2.659318637274549202e-01 1.037597656250000000e-02
2.679158316633266645e-01 9.300231933593750000e-03
2.698997995991984089e-01 6.988525390625000000e-03
2.718837675350701533e-01 9.681701660156250000e-03
2.738677354709418976e-01 6.855010986328125000e-03
2.758517034068136420e-01 7.259368896484375000e-03
2.778356713426853863e-01 9.193420410156250000e-03
2.798196392785571307e-01 7.366180419921875000e-03
2.818036072144288751e-01 6.393432617187500000e-03
2.837875751503006194e-01 8.895874023437500000e-03
2.857715430861723638e-01 7.122039794921875000e-03
2.877555110220441081e-01 6.607055664062500000e-03
2.897394789579158525e-01 7.484436035156250000e-03
2.917234468937875969e-01 8.178710937500000000e-03
2.937074148296593412e-01 7.061004638671875000e-03
2.956913827655310856e-01 7.083892822265625000e-03
2.976753507014028299e-01 7.335662841796875000e-03
2.996593186372745743e-01 7.221221923828125000e-03
3.016432865731463187e-01 6.614685058593750000e-03
3.036272545090180630e-01 7.293701171875000000e-03
3.056112224448898074e-01 7.152557373046875000e-03
3.075951903807615517e-01 6.328582763671875000e-03
3.095791583166332961e-01 7.522583007812500000e-03
3.115631262525050404e-01 6.687164306640625000e-03
3.135470941883767848e-01 7.194519042968750000e-03
3.155310621242485292e-01 7.617950439453125000e-03
3.175150300601202735e-01 6.477355957031250000e-03
3.194989979959920179e-01 7.633209228515625000e-03
3.214829659318637622e-01 6.546020507812500000e-03
3.234669338677355066e-01 5.863189697265625000e-03
3.254509018036072510e-01 6.813049316406250000e-03
3.274348697394789953e-01 7.648468017578125000e-03
3.294188376753506842e-01 6.744384765625000000e-03
3.314028056112224285e-01 6.134033203125000000e-03
3.333867735470941729e-01 6.820678710937500000e-03
3.353707414829659172e-01 5.634307861328125000e-03
3.373547094188376616e-01 7.122039794921875000e-03
3.393386773547094060e-01 5.996704101562500000e-03
3.413226452905811503e-01 5.561828613281250000e-03
3.433066132264528947e-01 5.645751953125000000e-03
3.452905811623246390e-01 6.637573242187500000e-03
3.472745490981963834e-01 6.019592285156250000e-03
3.492585170340681278e-01 6.454467773437500000e-03
3.512424849699398721e-01 6.881713867187500000e-03
3.532264529058116165e-01 5.973815917968750000e-03
3.552104208416833608e-01 5.729675292968750000e-03
3.571943887775551052e-01 4.905700683593750000e-03
3.591783567134268496e-01 5.580902099609375000e-03
3.611623246492985939e-01 5.382537841796875000e-03
3.631462925851703383e-01 5.474090576171875000e-03
3.651302605210420826e-01 5.084991455078125000e-03
3.671142284569138270e-01 5.325317382812500000e-03
3.690981963927855714e-01 5.832672119140625000e-03
3.710821643286573157e-01 5.577087402343750000e-03
3.730661322645290601e-01 5.947113037109375000e-03
3.750501002004008044e-01 5.115509033203125000e-03
3.770340681362725488e-01 5.367279052734375000e-03
3.790180360721442931e-01 5.897521972656250000e-03
3.810020040080160375e-01 5.004882812500000000e-03
3.829859719438877819e-01 5.676269531250000000e-03
3.849699398797595262e-01 5.867004394531250000e-03
3.869539078156312706e-01 5.725860595703125000e-03
3.889378757515030149e-01 5.970001220703125000e-03
3.909218436873747593e-01 4.673004150390625000e-03
3.929058116232465037e-01 5.462646484375000000e-03
3.948897795591182480e-01 4.791259765625000000e-03
3.968737474949899924e-01 4.852294921875000000e-03
3.988577154308617367e-01 5.279541015625000000e-03
4.008416833667334811e-01 5.413055419921875000e-03
4.028256513026052255e-01 5.516052246093750000e-03
4.048096192384769698e-01 5.157470703125000000e-03
4.067935871743487142e-01 4.573822021484375000e-03
4.087775551102204585e-01 4.283905029296875000e-03
4.107615230460922029e-01 4.745483398437500000e-03
4.127454909819639473e-01 4.463195800781250000e-03
4.147294589178356916e-01 4.917144775390625000e-03
4.167134268537074360e-01 4.943847656250000000e-03
4.186973947895791803e-01 4.981994628906250000e-03
4.206813627254509247e-01 5.119323730468750000e-03
4.226653306613226690e-01 4.817962646484375000e-03
4.246492985971944134e-01 4.634857177734375000e-03
4.266332665330661578e-01 4.386901855468750000e-03
4.286172344689379021e-01 3.885269165039062500e-03
4.306012024048096465e-01 5.012512207031250000e-03
4.325851703406813908e-01 5.435943603515625000e-03
4.345691382765531352e-01 4.249572753906250000e-03
4.365531062124248796e-01 4.055023193359375000e-03
4.385370741482966239e-01 4.276275634765625000e-03
4.405210420841683683e-01 4.322052001953125000e-03
4.425050100200401126e-01 4.024505615234375000e-03
4.444889779559118570e-01 3.978729248046875000e-03
4.464729458917836014e-01 3.967285156250000000e-03
4.484569138276553457e-01 3.986358642578125000e-03
4.504408817635270901e-01 4.100799560546875000e-03
4.524248496993988344e-01 3.534317016601562500e-03
4.544088176352705233e-01 4.386901855468750000e-03
4.563927855711422676e-01 3.747940063476562500e-03
4.583767535070140120e-01 3.414154052734375000e-03
4.603607214428857564e-01 4.077911376953125000e-03
4.623446893787575007e-01 3.620147705078125000e-03
4.643286573146292451e-01 3.150939941406250000e-03
4.663126252505009894e-01 3.948211669921875000e-03
4.682965931863727338e-01 3.522872924804687500e-03
4.702805611222444782e-01 3.419876098632812500e-03
4.722645290581162225e-01 3.929138183593750000e-03
4.742484969939879669e-01 3.646850585937500000e-03
4.762324649298597112e-01 3.925323486328125000e-03
4.782164328657314556e-01 3.890991210937500000e-03
4.802004008016032000e-01 4.177093505859375000e-03
4.821843687374749443e-01 3.532409667968750000e-03
4.841683366733466887e-01 4.051208496093750000e-03
4.861523046092184330e-01 4.131317138671875000e-03
4.881362725450901774e-01 3.778457641601562500e-03
4.901202404809619217e-01 3.345489501953125000e-03
4.921042084168336661e-01 3.211975097656250000e-03
4.940881763527054105e-01 3.814697265625000000e-03
4.960721442885771548e-01 3.574371337890625000e-03
4.980561122244488992e-01 3.669738769531250000e-03
5.000400801603206435e-01 3.515243530273437500e-03
5.020240480961923879e-01 3.278732299804687500e-03
5.040080160320641323e-01 3.526687622070312500e-03
5.059919839679358766e-01 3.551483154296875000e-03
5.079759519038076210e-01 3.376007080078125000e-03
5.099599198396793653e-01 3.089904785156250000e-03
5.119438877755511097e-01 3.446578979492187500e-03
5.139278557114228541e-01 2.765655517578125000e-03
5.159118236472945984e-01 3.122329711914062500e-03
5.178957915831663428e-01 3.293991088867187500e-03
5.198797595190380871e-01 3.234863281250000000e-03
5.218637274549098315e-01 2.828598022460937500e-03
5.238476953907815759e-01 3.219604492187500000e-03
5.258316633266533202e-01 3.166198730468750000e-03
5.278156312625250646e-01 3.341674804687500000e-03
5.297995991983968089e-01 3.135681152343750000e-03
5.317835671342685533e-01 2.990722656250000000e-03
5.337675350701402976e-01 3.414154052734375000e-03
5.357515030060120420e-01 2.677917480468750000e-03
5.377354709418837864e-01 2.790451049804687500e-03
5.397194388777555307e-01 3.326416015625000000e-03
5.417034068136272751e-01 3.112792968750000000e-03
5.436873747494990194e-01 3.038406372070312500e-03
5.456713426853707638e-01 2.956390380859375000e-03
5.476553106212425082e-01 2.347946166992187500e-03
5.496392785571142525e-01 2.880096435546875000e-03
5.516232464929859969e-01 2.607345581054687500e-03
5.536072144288577412e-01 2.883911132812500000e-03
5.555911823647294856e-01 2.813339233398437500e-03
5.575751503006012300e-01 2.683639526367187500e-03
5.595591182364729743e-01 2.674102783203125000e-03
5.615430861723447187e-01 2.683639526367187500e-03
5.635270541082164630e-01 2.328872680664062500e-03
5.655110220440882074e-01 2.717971801757812500e-03
5.674949899799599518e-01 2.807617187500000000e-03
5.694789579158316961e-01 2.456665039062500000e-03
5.714629258517034405e-01 1.998901367187500000e-03
5.734468937875751848e-01 2.473831176757812500e-03
5.754308617234469292e-01 2.052307128906250000e-03
5.774148296593186735e-01 2.479553222656250000e-03
5.793987975951904179e-01 2.571105957031250000e-03
5.813827655310621623e-01 2.672195434570312500e-03
5.833667334669339066e-01 2.126693725585937500e-03
5.853507014028056510e-01 2.122879028320312500e-03
5.873346693386773953e-01 2.620697021484375000e-03
5.893186372745491397e-01 2.429962158203125000e-03
5.913026052104208841e-01 2.277374267578125000e-03
5.932865731462926284e-01 2.309799194335937500e-03
5.952705410821643728e-01 1.909255981445312500e-03
5.972545090180361171e-01 2.368927001953125000e-03
5.992384769539078615e-01 2.382278442382812500e-03
6.012224448897796059e-01 2.286911010742187500e-03
6.032064128256513502e-01 1.974105834960937500e-03
6.051903807615230946e-01 2.471923828125000000e-03
6.071743486973948389e-01 1.775741577148437500e-03
6.091583166332665833e-01 2.305984497070312500e-03
6.111422845691383277e-01 1.894950866699218750e-03
6.131262525050100720e-01 2.143859863281250000e-03
6.151102204408818164e-01 2.470016479492187500e-03
6.170941883767535607e-01 1.838684082031250000e-03
6.190781563126253051e-01 1.789093017578125000e-03
6.210621242484970495e-01 1.861572265625000000e-03
6.230460921843687938e-01 2.056121826171875000e-03
6.250300601202405382e-01 2.296447753906250000e-03
6.270140280561122825e-01 2.096176147460937500e-03
6.289979959919840269e-01 1.937866210937500000e-03
6.309819639278557712e-01 1.852035522460937500e-03
6.329659318637275156e-01 1.879692077636718750e-03
6.349498997995992600e-01 1.392364501953125000e-03
6.369338677354710043e-01 1.824378967285156250e-03
6.389178356713427487e-01 1.908302307128906250e-03
6.409018036072144930e-01 1.761436462402343750e-03
6.428857715430862374e-01 2.098083496093750000e-03
6.448697394789579818e-01 2.000808715820312500e-03
6.468537074148296151e-01 1.827239990234375000e-03
6.488376753507013595e-01 1.831054687500000000e-03
6.508216432865731038e-01 1.940727233886718750e-03
6.528056112224448482e-01 1.930236816406250000e-03
6.547895791583165925e-01 2.048492431640625000e-03
6.567735470941883369e-01 1.753807067871093750e-03
6.587575150300600813e-01 1.787185668945312500e-03
6.607414829659318256e-01 1.955032348632812500e-03
6.627254509018035700e-01 1.811027526855468750e-03
6.647094188376753143e-01 1.708984375000000000e-03
6.666933867735470587e-01 1.893043518066406250e-03
6.686773547094188030e-01 1.434326171875000000e-03
6.706613226452905474e-01 1.629829406738281250e-03
6.726452905811622918e-01 1.962661743164062500e-03
6.746292585170340361e-01 1.609802246093750000e-03
6.766132264529057805e-01 1.399993896484375000e-03
6.785971943887775248e-01 1.688003540039062500e-03
6.805811623246492692e-01 1.590728759765625000e-03
6.825651302605210136e-01 1.691818237304687500e-03
6.845490981963927579e-01 1.626014709472656250e-03
6.865330661322645023e-01 1.465797424316406250e-03
6.885170340681362466e-01 1.772880554199218750e-03
6.905010020040079910e-01 1.472473144531250000e-03
6.924849699398797354e-01 1.641273498535156250e-03
6.944689378757514797e-01 1.328468322753906250e-03
6.964529058116232241e-01 1.678466796875000000e-03
6.984368737474949684e-01 1.247406005859375000e-03
7.004208416833667128e-01 1.392364501953125000e-03
7.024048096192384572e-01 1.175880432128906250e-03
7.043887775551102015e-01 1.512527465820312500e-03
7.063727454909819459e-01 1.478195190429687500e-03
7.083567134268536902e-01 1.290321350097656250e-03
7.103406813627254346e-01 1.502037048339843750e-03
7.123246492985971789e-01 1.591682434082031250e-03
7.143086172344689233e-01 1.251220703125000000e-03
7.162925851703406677e-01 1.464843750000000000e-03
7.182765531062124120e-01 1.431465148925781250e-03
7.202605210420841564e-01 1.305580139160156250e-03
7.222444889779559007e-01 1.345634460449218750e-03
7.242284569138276451e-01 1.144409179687500000e-03
7.262124248496993895e-01 1.025199890136718750e-03
7.281963927855711338e-01 1.200675964355468750e-03
7.301803607214428782e-01 1.387596130371093750e-03
7.321643286573146225e-01 1.043319702148437500e-03
7.341482965931863669e-01 1.438140869140625000e-03
7.361322645290581113e-01 1.261711120605468750e-03
7.381162324649298556e-01 1.303672790527343750e-03
7.401002004008016000e-01 1.214027404785156250e-03
7.420841683366733443e-01 1.382827758789062500e-03
7.440681362725450887e-01 1.292228698730468750e-03
7.460521042084168331e-01 1.145362854003906250e-03
7.480360721442885774e-01 1.016616821289062500e-03
7.500200400801603218e-01 1.142501831054687500e-03
7.520040080160320661e-01 1.068115234375000000e-03
7.539879759519038105e-01 8.907318115234375000e-04
7.559719438877755548e-01 9.088516235351562500e-04
7.579559118236472992e-01 8.935928344726562500e-04
7.599398797595190436e-01 8.249282836914062500e-04
7.619238476953907879e-01 1.035690307617187500e-03
7.639078156312625323e-01 8.168220520019531250e-04
7.658917835671342766e-01 1.115798950195312500e-03
7.678757515030060210e-01 1.033782958984375000e-03
7.698597194388777654e-01 1.119613647460937500e-03
7.718436873747495097e-01 1.145362854003906250e-03
7.738276553106212541e-01 8.077621459960937500e-04
7.758116232464929984e-01 9.574890136718750000e-04
7.777955911823647428e-01 8.816719055175781250e-04
7.797795591182364872e-01 1.037597656250000000e-03
7.817635270541082315e-01 8.769035339355468750e-04
7.837474949899799759e-01 8.139610290527343750e-04
7.857314629258517202e-01 1.003265380859375000e-03
7.877154308617234646e-01 7.958412170410156250e-04
7.896993987975952090e-01 9.813308715820312500e-04
7.916833667334669533e-01 9.355545043945312500e-04
7.936673346693386977e-01 7.238388061523437500e-04
7.956513026052104420e-01 8.115768432617187500e-04
7.976352705410821864e-01 8.296966552734375000e-04
7.996192384769539307e-01 8.702278137207031250e-04
8.016032064128256751e-01 8.945465087890625000e-04
8.035871743486974195e-01 8.721351623535156250e-04
8.055711422845691638e-01 8.134841918945312500e-04
8.075551102204409082e-01 8.745193481445312500e-04
8.095390781563126525e-01 7.805824279785156250e-04
8.115230460921843969e-01 7.519721984863281250e-04
8.135070140280561413e-01 8.344650268554687500e-04
8.154909819639278856e-01 8.034706115722656250e-04
8.174749498997996300e-01 6.408691406250000000e-04
8.194589178356713743e-01 5.493164062500000000e-04
8.214428857715431187e-01 7.987022399902343750e-04
8.234268537074148631e-01 7.090568542480468750e-04
8.254108216432866074e-01 6.637573242187500000e-04
8.273947895791583518e-01 7.348060607910156250e-04
8.293787575150300961e-01 8.111000061035156250e-04
8.313627254509018405e-01 7.386207580566406250e-04
8.333466933867735849e-01 6.413459777832031250e-04
8.353306613226453292e-01 6.709098815917968750e-04
8.373146292585170736e-01 6.775856018066406250e-04
8.392985971943888179e-01 7.410049438476562500e-04
8.412825651302605623e-01 5.836486816406250000e-04
8.432665330661323067e-01 7.433891296386718750e-04
8.452505010020040510e-01 6.232261657714843750e-04
8.472344689378757954e-01 5.674362182617187500e-04
8.492184368737475397e-01 5.488395690917968750e-04
8.512024048096192841e-01 7.276535034179687500e-04
8.531863727454910284e-01 5.712509155273437500e-04
8.551703406813627728e-01 5.145072937011718750e-04
8.571543086172345172e-01 5.493164062500000000e-04
8.591382765531062615e-01 5.578994750976562500e-04
8.611222444889780059e-01 5.254745483398437500e-04
8.631062124248497502e-01 3.957748413085937500e-04
8.650901803607214946e-01 4.861354827880859375e-04
8.670741482965932390e-01 5.869865417480468750e-04
8.690581162324649833e-01 5.125999450683593750e-04
8.710420841683367277e-01 3.936290740966796875e-04
8.730260521042084720e-01 4.482269287109375000e-04
8.750100200400802164e-01 4.858970642089843750e-04
8.769939879759519608e-01 4.930496215820312500e-04
8.789779559118237051e-01 4.703998565673828125e-04
8.809619238476954495e-01 4.138946533203125000e-04
8.829458917835671938e-01 3.359317779541015625e-04
8.849298597194389382e-01 4.968643188476562500e-04
8.869138276553106826e-01 4.279613494873046875e-04
8.888977955911824269e-01 4.186630249023437500e-04
8.908817635270541713e-01 4.112720489501953125e-04
8.928657314629259156e-01 4.200935363769531250e-04
8.948496993987976600e-01 4.014968872070312500e-04
8.968336673346694043e-01 3.900527954101562500e-04
8.988176352705410377e-01 3.950595855712890625e-04
9.008016032064127820e-01 3.738403320312500000e-04
9.027855711422845264e-01 3.759860992431640625e-04
9.047695390781562708e-01 3.831386566162109375e-04
9.067535070140280151e-01 3.497600555419921875e-04
9.087374749498997595e-01 3.442764282226562500e-04
9.107214428857715038e-01 3.345012664794921875e-04
9.127054108216432482e-01 3.590583801269531250e-04
9.146893787575149926e-01 2.779960632324218750e-04
9.166733466933867369e-01 2.570152282714843750e-04
9.186573146292584813e-01 2.353191375732421875e-04
9.206412825651302256e-01 2.911090850830078125e-04
9.226252505010019700e-01 2.882480621337890625e-04
9.246092184368737144e-01 2.825260162353515625e-04
9.265931863727454587e-01 2.326965332031250000e-04
9.285771543086172031e-01 2.498626708984375000e-04
9.305611222444889474e-01 1.813173294067382812e-04
9.325450901803606918e-01 2.498626708984375000e-04
9.345290581162324361e-01 2.517700195312500000e-04
9.365130260521041805e-01 2.069473266601562500e-04
9.384969939879759249e-01 1.964569091796875000e-04
9.404809619238476692e-01 2.110004425048828125e-04
9.424649298597194136e-01 1.516342163085937500e-04
9.444488977955911579e-01 1.989603042602539062e-04
9.464328657314629023e-01 1.851320266723632812e-04
9.484168336673346467e-01 1.738071441650390625e-04
9.504008016032063910e-01 1.677274703979492188e-04
9.523847695390781354e-01 1.735687255859375000e-04
9.543687374749498797e-01 1.473426818847656250e-04
9.563527054108216241e-01 1.252889633178710938e-04
9.583366733466933685e-01 1.266002655029296875e-04
9.603206412825651128e-01 1.329183578491210938e-04
9.623046092184368572e-01 1.186132431030273438e-04
9.642885771543086015e-01 1.049637794494628906e-04
9.662725450901803459e-01 9.572505950927734375e-05
9.682565130260520903e-01 9.387731552124023438e-05
9.702404809619238346e-01 9.322166442871093750e-05
9.722244488977955790e-01 9.393692016601562500e-05
9.742084168336673233e-01 6.097555160522460938e-05
9.761923847695390677e-01 6.556510925292968750e-05
9.781763527054108120e-01 5.179643630981445312e-05
9.801603206412825564e-01 5.912780761718750000e-05
9.821442885771543008e-01 4.857778549194335938e-05
9.841282565130260451e-01 3.635883331298828125e-05
9.861122244488977895e-01 2.980232238769531250e-05
9.880961923847695338e-01 2.604722976684570312e-05
9.900801603206412782e-01 1.698732376098632812e-05
9.920641282565130226e-01 8.106231689453125000e-06
9.940480961923847669e-01 3.635883331298828125e-06
9.960320641282565113e-01 3.099441528320312500e-06
9.980160320641282556e-01 1.192092895507812500e-05
1.000000000000000000e+00 2.038478851318359375e-05
