 0.0355104  0.25  1 
 0.0381464  0.222222  1 
 0.0415356  0.194444  1 
 0.0460545  0.166667  1 
 0.0520408  0.140145  1 
 0.0524274  0.138889  1 
 0.0632133  0.111111  1 
 0.0693878  0.0996966  1 
 0.0857837  0.0833333  1 
 0.0867347  0.0825474  1 
 0.104082  0.0747911  1 
 0.121429  0.0716314  1 
 0.138776  0.0710435  1 
 0.156122  0.0720457  1 
 0.173469  0.0741118  1 
 0.190816  0.076937  1 
 0.208163  0.0803341  1 
 0.221821  0.0833333  1 
 0.22551  0.0841824  1 
 0.242857  0.0884014  1 
 0.260204  0.0929358  1 
 0.277551  0.0977466  1 
 0.294898  0.102806  1 
 0.312245  0.108094  1 
 0.321969  0.111111  1 
 0.329592  0.113597  1 
 0.346939  0.119303  1 
 0.364286  0.125206  1 
 0.381633  0.131301  1 
 0.39898  0.137586  1 
 0.402602  0.138889  1 
 0.416327  0.144058  1 
 0.433673  0.150718  1 
 0.45102  0.157567  1 
 0.468367  0.164606  1 
 0.473464  0.166667  1 
 0.485714  0.171838  1 
 0.503061  0.179266  1 
 0.520408  0.186894  1 
 0.537152  0.194444  1 
 0.537755  0.194728  1 
 0.555102  0.202771  1 
 0.572449  0.211029  1 
 0.589796  0.219509  1 
 0.595346  0.222222  1 
 0.607143  0.228218  1 
 0.62449  0.237162  1 
 0.641837  0.246349  1 
 0.648703  0.25  1 

